% latex table generated in R 4.1.1 by xtable 1.8-4 package
% Tue Jan 11 12:46:35 2022
\begin{table}[ht]
\centering
\begin{tabular}{rrrrrrrrrrrrrrrrr}
  \hline
 & lm & glm & rf & xgbDART & xgbLinear & xgbTree & lmStepAIC & monmlp & gcvEarth & ppr & svmLinear & svmRadial & knn & icr & gaussprLinear & rpart \\ 
  \hline
lm & 1.00 & 1.00 & -0.30 & 0.37 & 0.04 & 0.24 & 1.00 & 0.23 & 0.60 & -0.53 & 0.92 & 0.13 & -0.08 & 1.00 & 0.90 & -0.02 \\ 
  glm & 1.00 & 1.00 & -0.30 & 0.37 & 0.04 & 0.24 & 1.00 & 0.23 & 0.60 & -0.53 & 0.92 & 0.13 & -0.08 & 1.00 & 0.90 & -0.02 \\ 
  rf & -0.30 & -0.30 & 1.00 & 0.17 & 0.41 & 0.31 & -0.30 & -0.22 & -0.14 & 0.63 & -0.25 & 0.19 & 0.44 & -0.30 & -0.13 & 0.03 \\ 
  xgbDART & 0.37 & 0.37 & 0.17 & 1.00 & 0.79 & 0.95 & 0.37 & 0.33 & 0.37 & -0.03 & 0.33 & 0.72 & 0.30 & 0.37 & 0.36 & 0.52 \\ 
  xgbLinear & 0.04 & 0.04 & 0.41 & 0.79 & 1.00 & 0.77 & 0.04 & 0.06 & -0.01 & 0.26 & 0.04 & 0.56 & 0.49 & 0.04 & 0.08 & 0.50 \\ 
  xgbTree & 0.24 & 0.24 & 0.31 & 0.95 & 0.77 & 1.00 & 0.24 & 0.39 & 0.33 & -0.05 & 0.24 & 0.75 & 0.14 & 0.24 & 0.28 & 0.44 \\ 
  lmStepAIC & 1.00 & 1.00 & -0.30 & 0.37 & 0.04 & 0.24 & 1.00 & 0.23 & 0.60 & -0.53 & 0.92 & 0.13 & -0.08 & 1.00 & 0.90 & -0.02 \\ 
  monmlp & 0.23 & 0.23 & -0.22 & 0.33 & 0.06 & 0.39 & 0.23 & 1.00 & 0.22 & -0.44 & 0.10 & 0.09 & -0.25 & 0.23 & 0.06 & 0.57 \\ 
  gcvEarth & 0.60 & 0.60 & -0.14 & 0.37 & -0.01 & 0.33 & 0.60 & 0.22 & 1.00 & -0.31 & 0.37 & 0.61 & -0.08 & 0.60 & 0.37 & -0.00 \\ 
  ppr & -0.53 & -0.53 & 0.63 & -0.03 & 0.26 & -0.05 & -0.53 & -0.44 & -0.31 & 1.00 & -0.52 & -0.03 & 0.56 & -0.53 & -0.42 & 0.05 \\ 
  svmLinear & 0.92 & 0.92 & -0.25 & 0.33 & 0.04 & 0.24 & 0.92 & 0.10 & 0.37 & -0.52 & 1.00 & -0.02 & -0.14 & 0.92 & 0.99 & -0.10 \\ 
  svmRadial & 0.13 & 0.13 & 0.19 & 0.72 & 0.56 & 0.75 & 0.13 & 0.09 & 0.61 & -0.03 & -0.02 & 1.00 & 0.08 & 0.13 & 0.01 & 0.12 \\ 
  knn & -0.08 & -0.08 & 0.44 & 0.30 & 0.49 & 0.14 & -0.08 & -0.25 & -0.08 & 0.56 & -0.14 & 0.08 & 1.00 & -0.08 & -0.11 & 0.56 \\ 
  icr & 1.00 & 1.00 & -0.30 & 0.37 & 0.04 & 0.24 & 1.00 & 0.23 & 0.60 & -0.53 & 0.92 & 0.13 & -0.08 & 1.00 & 0.90 & -0.02 \\ 
  gaussprLinear & 0.90 & 0.90 & -0.13 & 0.36 & 0.08 & 0.28 & 0.90 & 0.06 & 0.37 & -0.42 & 0.99 & 0.01 & -0.11 & 0.90 & 1.00 & -0.13 \\ 
  rpart & -0.02 & -0.02 & 0.03 & 0.52 & 0.50 & 0.44 & -0.02 & 0.57 & -0.00 & 0.05 & -0.10 & 0.12 & 0.56 & -0.02 & -0.13 & 1.00 \\ 
   \hline
\end{tabular}
\end{table}
